{
  "advancedEditorSelectedIdentifier" : "ProjectBrowser",
  "openSceneRelativePaths" : [
    "Immersive.usda"
  ],
  "recentIdentifiers" : {
    "AF09ED6F-1707-48FD-8720-65B998362C09" : [

    ]
  },
  "sceneCameraHistory" : {
    "AF09ED6F-1707-48FD-8720-65B998362C09" : [
      {
        "date" : 711336360.37626398,
        "title" : "Untitled",
        "transform" : [
          -0.59188765287399292,
          -1.9923120930798177e-09,
          0.80602037906646729,
          0,
          0.026074651628732681,
          -0.99947661161422729,
          0.019147485494613647,
          0,
          0.80559849739074707,
          0.032349862158298492,
          0.59157788753509521,
          0,
          -2144.080810546875,
          1.1100549697875977,
          -223.5030517578125,
          1
        ]
      },
      {
        "date" : 711336336.48048997,
        "title" : "Untitled",
        "transform" : [
          -0.59188765287399292,
          -1.9923120930798177e-09,
          0.80602037906646729,
          0,
          0.026074651628732681,
          -0.99947661161422729,
          0.019147485494613647,
          0,
          0.80559849739074707,
          0.032349862158298492,
          0.59157788753509521,
          0,
          1940.4521484375,
          258.2806396484375,
          3332.7099609375,
          1
        ]
      },
      {
        "date" : 711336321.14307702,
        "title" : "Untitled",
        "transform" : [
          -0.62327808141708374,
          -3.724268538007891e-08,
          0.78200036287307739,
          0,
          -0.3416483998298645,
          0.89951479434967041,
          -0.27230414748191833,
          0,
          -0.70342081785202026,
          -0.4368903636932373,
          -0.56064784526824951,
          0,
          1940.4521484375,
          258.2806396484375,
          3332.7099609375,
          1
        ]
      },
      {
        "date" : 711336319.75306499,
        "title" : "Untitled",
        "transform" : [
          -0.62327802181243896,
          -5.8206257591564281e-08,
          0.78200030326843262,
          0,
          -0.3416483998298645,
          0.89951473474502563,
          -0.27230411767959595,
          0,
          -0.70342081785202026,
          -0.4368903636932373,
          -0.56064784526824951,
          0,
          1940.4521484375,
          258.2806396484375,
          3332.7099609375,
          1
        ]
      },
      {
        "date" : 711336311.59340405,
        "title" : "Untitled",
        "transform" : [
          -0.62327802181243896,
          -5.8206257591564281e-08,
          0.78200030326843262,
          0,
          -0.3416483998298645,
          0.89951473474502563,
          -0.27230411767959595,
          0,
          -0.70342081785202026,
          -0.4368903636932373,
          -0.56064784526824951,
          0,
          -577.88262939453125,
          481.4742431640625,
          982.2584228515625,
          1
        ]
      },
      {
        "date" : 711335306.40016997,
        "title" : "Untitled",
        "transform" : [
          -0.62327802181243896,
          -5.8206257591564281e-08,
          0.78200030326843262,
          0,
          -0.3416483998298645,
          0.89951473474502563,
          -0.27230411767959595,
          0,
          -0.70342081785202026,
          -0.4368903636932373,
          -0.56064784526824951,
          0,
          -577.8826904296875,
          481.4742431640625,
          982.2584228515625,
          1
        ]
      },
      {
        "date" : 711335291.51683605,
        "title" : "Untitled",
        "transform" : [
          0.14600841701030731,
          3.9732848122753239e-09,
          0.98928338289260864,
          0,
          -0.07645021378993988,
          0.99700957536697388,
          0.011283283121883869,
          0,
          -0.9863249659538269,
          -0.077278383076190948,
          0.14557169377803802,
          0,
          -266.09561157226562,
          85.165290832519531,
          203.9638671875,
          1
        ]
      },
      {
        "date" : 711335287.68425596,
        "title" : "Untitled",
        "transform" : [
          0.14600841701030731,
          3.9732848122753239e-09,
          0.98928338289260864,
          0,
          -0.07645021378993988,
          0.99700957536697388,
          0.011283283121883869,
          0,
          -0.9863249659538269,
          -0.077278383076190948,
          0.14557169377803802,
          0,
          -265.59613037109375,
          85.364585876464844,
          207.45333862304688,
          1
        ]
      },
      {
        "date" : 711335228.242082,
        "title" : "Untitled",
        "transform" : [
          -0.24427767097949982,
          3.8095242516078542e-09,
          0.96970534324645996,
          0,
          -0.1282583624124527,
          0.99121445417404175,
          -0.03230946883559227,
          0,
          -0.96118587255477905,
          -0.13226529955863953,
          -0.24213162064552307,
          0,
          -328.9632568359375,
          69.037704467773438,
          88.782150268554688,
          1
        ]
      },
      {
        "date" : 711335222.09491396,
        "title" : "Untitled",
        "transform" : [
          0.99593281745910645,
          2.8408484453734673e-09,
          0.09009997546672821,
          0,
          -0.0079952655360102654,
          0.99605506658554077,
          0.088376805186271667,
          0,
          -0.089744552969932556,
          -0.088737718760967255,
          0.99200379848480225,
          0,
          139.27580261230469,
          81.991424560546875,
          307.89797973632812,
          1
        ]
      }
    ]
  },
  "selectedSceneRelativePath" : "Immersive.usda"
}