{
  "advancedEditorSelectedIdentifier" : "ProjectBrowser",
  "openSceneRelativePaths" : [
    "Immersive.usda"
  ],
  "recentIdentifiers" : {

  },
  "sceneCameraHistory" : {
    "AF09ED6F-1707-48FD-8720-65B998362C09" : [
      {
        "date" : 711332437.26738906,
        "title" : "Untitled",
        "transform" : [
          0.98425298929214478,
          2.1948665107629495e-09,
          0.17676568031311035,
          0,
          0.022186612710356712,
          0.99209177494049072,
          -0.12353762984275818,
          0,
          -0.1753678172826767,
          0.12551401555538177,
          0.97646927833557129,
          0,
          0.20290212333202362,
          1.4056855440139771,
          4.5654740333557129,
          1
        ]
      },
      {
        "date" : 711332433.62358499,
        "title" : "Untitled",
        "transform" : [
          0.94000989198684692,
          5.6598170594668318e-09,
          0.34114736318588257,
          0,
          0.15371567010879517,
          0.89273381233215332,
          -0.4235537052154541,
          0,
          -0.3045538067817688,
          0.45058426260948181,
          0.83917862176895142,
          0,
          -0.47131678462028503,
          2.8911867141723633,
          4.2496843338012695,
          1
        ]
      },
      {
        "date" : 711332429.02416396,
        "title" : "Untitled",
        "transform" : [
          0.94000989198684692,
          5.6598170594668318e-09,
          0.34114736318588257,
          0,
          0.15371567010879517,
          0.89273381233215332,
          -0.4235537052154541,
          0,
          -0.3045538067817688,
          0.45058426260948181,
          0.83917862176895142,
          0,
          -0.24984550476074219,
          2.0124831199645996,
          9.6915531158447266,
          1
        ]
      },
      {
        "date" : 711330728.67909205,
        "title" : "Untitled",
        "transform" : [
          0.94000989198684692,
          5.6598170594668318e-09,
          0.34114736318588257,
          0,
          0.15371567010879517,
          0.89273381233215332,
          -0.4235537052154541,
          0,
          -0.3045538067817688,
          0.45058426260948181,
          0.83917862176895142,
          0,
          -0.18303985893726349,
          1.8782601356506348,
          9.7878665924072266,
          1
        ]
      },
      {
        "date" : 711330618.43956006,
        "title" : "Untitled",
        "transform" : [
          0.94000989198684692,
          5.6598170594668318e-09,
          0.34114736318588257,
          0,
          0.15371568500995636,
          0.89273393154144287,
          -0.42355376482009888,
          0,
          -0.3045538067817688,
          0.45058426260948181,
          0.83917862176895142,
          0,
          -0.10129661858081818,
          1.6076816320419312,
          5.4167313575744629,
          1
        ]
      },
      {
        "date" : 711330612.31172705,
        "title" : "Untitled",
        "transform" : [
          0.97921156883239746,
          3.9736920420807564e-09,
          -0.20284180343151093,
          0,
          -0.030421920120716095,
          0.98868930339813232,
          -0.14686077833175659,
          0,
          0.20054745674133301,
          0.14997856318950653,
          0.96813595294952393,
          0,
          4.8914070129394531,
          -1.0225503444671631,
          8.1059246063232422,
          1
        ]
      },
      {
        "date" : 711330608.32026696,
        "title" : "Untitled",
        "transform" : [
          0.81521785259246826,
          1.1393268550818902e-09,
          -0.57915449142456055,
          0,
          0.17102490365505219,
          0.95540434122085571,
          0.24073463678359985,
          0,
          0.55332666635513306,
          -0.29530102014541626,
          0.77886265516281128,
          0,
          1.5470020771026611,
          0.40528267621994019,
          2.1728410720825195,
          1
        ]
      },
      {
        "date" : 711330596.66783905,
        "title" : "Untitled",
        "transform" : [
          0.99999648332595825,
          -4.6737988479428338e-11,
          -0.002661488251760602,
          0,
          -0.00028710966580547392,
          0.99416446685791016,
          -0.10787518322467804,
          0,
          0.002645957050845027,
          0.10787557065486908,
          0.99416095018386841,
          0,
          0.14333143830299377,
          -15.516936302185059,
          -98.580436706542969,
          1
        ]
      },
      {
        "date" : 711329277.326002,
        "title" : "Untitled",
        "transform" : [
          0.99999648332595825,
          -4.6737988479428338e-11,
          -0.002661488251760602,
          0,
          -0.00028710966580547392,
          0.99416446685791016,
          -0.10787518322467804,
          0,
          0.002645957050845027,
          0.10787557065486908,
          0.99416095018386841,
          0,
          0.0309120062738657,
          1.2603451013565063,
          3.0453977584838867,
          1
        ]
      }
    ]
  }
}